$ANSIBLE_VAULT;1.1;AES256
62326363386566333362363937383939613937346632393864666231386535356339316666616239
3034636337623638333661343063376261333264346637350a303039376333316535363864393164
39393664303437343431636163373136316633313938373364616531313234656661653133633962
3161373661396238630a656235626432636562396435346337383432373938633735343061313535
35346463363265663831303239626435306163343536643434666665613165363639616634303039
62326465396237376632323138373232326632313563353764303830373539663730643032316233
32616633376430313837626564323638666562666235623164626662623664613338363635346639
35646166666131313661343763383733343265633839366366633964663864623566383433633064
39313763396235343864306233343234646363633261653665626331376330613537393065356264
30323936613238656135663165353537373239363161343832356663656631306333323163636462
65633839323130316565383563376339313337396532636237363037346533663266383066373966
65386164376633343962653464626264326166643832643635353666643264343635326263376239
38633965663264653233316361663333383638356632366261333935613861373538343330383862
32366530333864346464616462353730663861636531306335303964366464353435613436383430
38346565663533333066303561323638393564313637353237366430343662383232343234303036
63313565386239306633663165326633613739626433363064366539336362333238366264613132
61656464653461653731323536393038323534653265613437626138366466326463616336626231
66373961653264616539393164326665303037346532656239626164333132333330313434326265
63666239626430666339306136623163363061313031366263663465336666386331353164306462
32636237353539303166376364613135313265643839396637303633313831326339623735393263
62656264633537383363376535313132396333626636326662623333363634376132613563633139
31663830333865653239613165636361353638376431313034393134646438356333653730363930
62623866646464343664306433373762623930383535323661646130366161666332346662346536
33373630303563633035373565646565346433623134376434366361353161636232626362333964
35646266313833393162343466373330383663636265346533623833323439393261363264653932
64663638616261656665623933336331356461343666336163333761306535373863336435626134
35616566383238666238316361313939396431633731643761643030343461633037636233643530
33633433666439313637663234396535373462636132313533333336313664346665323663663834
39393263356538353665323439616561653638666665313866653234346564633830373938303832
37613563646132663735303264336332623933663034313939633238313535393031323065666364
64363362396439363437323563613130343033636265666162646263313230363562373036626332
38316362623632663465333832666633356238623961663366353063346537316532623562313066
38316330366138336562623565636433623131376332633737613763363565343932333862643436
64653166393237393766306538623531353138643238326135393531333562363661383663623838
61353362346663326163613064656338653262356630323434333366336463393337383932306661
39353338343537353165626663323738336433343961626132336262353464393134336663373238
30383434333338656238333632343537366430633034346239363862316461623135323265346264
30633565373333646536633163336637666330303666373038353661646161613035343130333136
33613530396232643865656262356631623165396536663866383765626337353339626461623830
62393138636462303836323663656232633133373737303233316431383235396230646435616236
31616631613038663435316334343330626438343837616134653939643939666366613832613965
34326563663062613762306663653535373264363938633435346166343565316636636433646439
61326265663666643732663462366664336238656563323162356530363963663633653161363362
39323130336166346331383964393365653864343362616537376362353966373030633461336665
30343234663435326131303537323666376138333539393732636364313863313030323837656165
61616337613034666237316231306431663965653631353238353962363132633731393834333133
65366666393238313262303363386530386332316334313139353462386630623034646439373339
38396263643238356437386639623164333033353239333833646166373663656364366134386634
34646236623232343538376666666665373836316636363363343131336165616432613834343762
66336236333730313761393966353939376236623161643934313466363163616132316631343130
38633963323731663230663030313137663538633162656131636564363563306437373537386463
64363265666230643038326438376435336633663239636661353831623237383765626330346635
65343133633432623264623239643032663737386630646239313662623233623637663663656234
61616363333162666135363939343133373833313534396539626566626335303037646231366165
31326461386433626563343361316162633531316430386237356436333232363561396365353766
61333239633738396135663262366430363131316139333132303763303734336561353633363138
37666161653138386433343965656164383363613762346132666561636161376437366666616130
35393362373930643135343632666663633438353661336138623064376666623335666365363863
64653838626632376663336535626330666130613166383461313438343863373136666639376234
35326363353632316632346266373763643136396561666637656631663365323336663533323263
35633739616131336637336366326239306530396131326665386230346361393562373233376233
35623236643533313964353832363236303035303839333034386635643661626434376435393531
30373237386363613731633434393439396534353439643365653136323363663735656234613065
63663164353463383565313435393961303530346232653338306530303835633931373632623732
33343162646430663131613861323335356338646538376134643266623365373133643339643535
35343962353164366364623435643964343962626263313630386430396130323164653335376132
34613737633835643861383633376131353562313539306538333437306664306139656263656166
62656336646437316561623363343730616638616132653832306231626364383565346532613035
61393030393536323665643234313737333837643136373462353138356361633138623838613233
36353265313935313838643930356239666332326466333937613564666536323838643034343564
35616138396336306336353363613464626338373038363334666362363438313361366236363966
36383238313039303030663432643366326261316435376632633436366336653735666236353164
33326230383661333138656634333835653134306366373261376539303230646462663537336435
33363033636234323737376365666239363735666237303339303839373334626234363738313734
38316633336132343764643430623136663865616330363961376434646437663138633838663534
36316262363261343239656333376562323361323637636337323035366461623663313965373434
30393439336131373163373965376333326166383066393935313433386333636563373064656132
37343038623134656161633037316637393333353562616231303961353238393261333836656663
62643431613733383463663236623363623063656364383662336563343837623631626530633437
63666533636464623664653862376333383234613436346535336539363734653538303265373164
64386630646462306666363663333666353332336432383239633363663863373435336663343839
38633138656333623062616564313463626264363663613465623431356665383164643031663533
33313765323662353438373830613431656634393533636335636136373635613238396561636638
34326235313962356561326365633733353136653739346564373133353065386435343864343931
37303966356632646663393262363631363661633739306665656537323566653230623131336138
36623533626232636565316536303864623334316562333863343731303733316666323330343363
30393536353335663739363636393532306163366230303938323961633036623134326561636338
30336235626466633934666637633764633464316134333664626633316361663435383362373839
37353733376435373833316231353533666335333631373165356636363164623064653166613531
66323832663130343063393064333135383539313935353535653063323038643932313033663630
65616463313666616664303638373466666533623633656632353638383839663835356464646138
61306533313363316439373565363662326137666335643365626131373465613163303136396161
39353730343166656366303366353232333166653534653535386463303263353163363031363666
34306265333131626637623031313563373230626562663834316665313431396637623738396136
30373636333533386565383533303461306135333633336132643739303732313165346164346634
64666539343063663861353238306564636464633933373761616639616236663066366434376331
33323530666363343061333435323135646131393532306166353731353865626236636363303664
62333139336664663166643565386163623234653131316364313137383934373966646432386537
39353761373663383966386164663838393562383136313534363433303430336461303364323635
62313432663736343734643738663238616666366138666536383536333335393732346565666664
31626566383535613666363635633064373762363238313931623235396530343431373863373033
63623162316433326138653036383934653962663761393437626265653663643936656532656361
64376430303265383736663139333463363533376263366332326163616666303633333261333737
37643766343739376161613365326661623836323665633461623234656234613465343138313165
39393130663062363238326363363037356335643933323138376531656565353539616534373038
66393832646132613939613262353961323663616538613438313763643430376538396466383930
62626637626531373134336266383534366662333665383436633834636463623363623735623037
38326234613839303935666130303937663235373662663635386366306236646164663765653136
64363964623831393733303564636638613162313837316333333962356665353662343662343737
32616637366165653264306332373037376361656635386665656538356663343634373931373136
33643431383239323939633735373762333234653536333230613838346431336231623065303133
31326463396261313432623235616138363839326136623462376462393030656564653238386530
39626430616566393465616230333935336633313066616434376534383635306634303266333663
37336337353864343336623264663861393334326639623836303763616432663739323065363132
39643765626466646532313463373835366666353462316235326533393663643634363762363166
36336464656532663762393630303537616461383736313232333838333735643733343261383430
63336630346531313431313831636631353233353434366232353039623637383136613566636436
37396634353736623335323165666338383466636666386134376231386262336139343339633931
66653464643636613633653234666631376131623936636664633165303531346630343134366361
33333566633438633439643364383736356338343932623538636163653962303730393135396433
63633965633966333533376166363633333161323163636235663537393439653362653331326134
64366563663139643835386236623438313731613230666166373230363664663436393666316365
64396363376563313133336538313336663338643735376166333335636131386566643732316632
38663762343630356238326164373564316137316539323133316137356161656264336564666631
62623635613139396261393863343466396263313866626631313832643434333535343464353763
31353961373434383363636163656164303563666333323031323938343930613839313163353635
31313134346330306134643366356538643837326361313030663661323662623061373262663630
35616537343631633061643566326337356165636637323332613135633035653461366362393666
65633532613336636563356362666631373533356462386463616566663235636537333739336363
63373866313666623664363738306161363033336532633466616666323964623437616234643335
32336433373038643938333061366630333165616265396165666139623531363763353234613837
66653463653630346662663536393834363433643731383862656135633164323565666465626266
33626164636262653965343165363134393366333437356539353731626663333637643334623631
33306339333536633763323231353033643236666530623835323364343166643437633163653234
66666536366263303664666637363533386633646439653466343336343933656663333634663339
30663731346132363433346338303963313733656562383636323831633666643631323466323737
62303366386530666539363231373230623964313864666561643861303532393030623038393366
36323762356430373735366634613066643562643862386133336333616133616339666665326532
32616136396332313334666434393834313961333935393564383361613636353038343839303136
65373462663735636536393133626266383731393634303964643832383733653035626261633564
62316263646232666336306333653032653430663034656532373030643666666430636630643363
34656534386535383539393733643364323933326238646166323363633861663038353364636465
66376537386464373665663132373635383061653138376239323963626435316565616236383231
39323961623235383835323130316433383065633366313031613335616161346430353965663432
30346261623133306363326638333766646631623237323234353138333661623661616565323736
66646138316233616264383039366262363831333062363037373064363133643562336431313035
66653139656536333534653962353339326661613562346136323534633861366162353364353162
38303732343333333537393831383761393366373933653736623663356366373366393965306661
30343831393865333939343733623833333565643436666530633464386434373138386239666438
66376139353565383339356438366631383938623030653336363437356361643136306533633061
30303965656162393264636233306234616464663965353861316163343066333734613263313539
62373832356438336232373431393161376465313063636131316435663139333566646431316537
63633734626138656632373734343465663462396538386435383261633937363262313130313733
39383135353531663537366530643865656337303934336466376565656133366138343662353065
31386336363138666138313332343835643334333735346663663537333164303036323239336339
30656135616632653832343430313132313134366639353030353838303933336239613261616564
37653031633833633762353232316531663931346135636362636636653230663663333665643330
64316439336163626463343235386664623936643963636433663232623332376238626566356439
62386535356532366338626438636162616661663432343866373837333739373136346136383836
65353537633439663265303538353964323737386135623135313432646437333532376562643239
64383937376434383731643735636463303162333035363535386266303266326132373537303238
65663738323839383739333230333731623937343837623562626637386132343431343761663537
34613964616236313531633139363335323739363138316633626335383536626139663033653539
62663766313639343530613433363330386665616262653531653462316634656666346630343435
37326538313435366130366434373866363339643537346639393130303837386335663833623537
62396531323433373036313032653966616235656337353234333738346664343065646465343934
33383361343039383163373930373065616261386262643065663731383638303736383863363433
35356662613436303739303430356638363831343363666639643233383931383162303539643535
37666664366537636230363331363465666631336263393862666339336633373636396433616333
31613164313539666538376531663962376532666433623761396237353133333438663738396535
65373961346230313231633136383664366430656263386564373235666332323233336262383432
63633335663561393530663261643465333433626333316330356635303064323864376539613236
30313233616135383064363032363839643733666137616535353665313535313761
